$ANSIBLE_VAULT;1.1;AES256
62323861353933313838343636393134316634353661346536333065373538666132343832633437
3839373838643061663930623662656335363134623838320a373366646665356662396562616264
37373665633862653530623766373864666566373236623434333134303336633163316364653164
6561386535623732650a653431366239386363356663616631336661333530323837616130636438
38386165303739346136646633333364613332323037363266343832376661663536633565623139
30356232333734356161643966343265313762336638316233643739373035633031613934306435
66653731636633393663663839616161626136643334653038386637363438353532363761363933
62366631303464353664363539336532303039353437653564376235613933306464633566363534
64346131383530653633373139623832356162363832663332653733346238653533366465366633
39613263626163613232656630633966663235616230616434356238646335396130656263363933
65616266613132633865616337353566383230666464623434353263323938643030316636613933
30633831323634383032633230653163616662636637393832386465653361346163366533303732
38363236653762666534316530373832383931343533316563646330326534343139326163666565
32386364363135303232306637313338633666653533353266353563623639613461393535343763
66313861343930343562336566303264326664386239353662346265626334346239626233656263
35366265356133343136653634353665366338366566646338383063313130303433363962303133
39616237333963346436663633323131626132353763633434353765306130376539666439343539
31616336656233623034323166353361306532386138336336326232383466343165393063333935
64323330626363386661303361643763313537356561386533663232623964333132643133643735
66313435666665373836303062656264363534663038623333343330396238646564643263646462
30663834303865656532383466363633326234346264623239366433653839373861623833393863
33306661323731343933386261313665346164653531333834396364343333326163353332303365
65616438316139613438303562626533643465336633353937303935363933396231633363626566
66626137316464666536333032313039313839623231383138356261313034373630343932616164
39313434356635366337313832366336316631373763393763653835623164326137616661643431
61643864333631646266646364366336343266386139353062323464623566656566376139643765
39303264636530636632626334633839346130333935353664353439306233373063313938333537
34633334643161313236
