$ANSIBLE_VAULT;1.1;AES256
38633161646564313766623639303130383731643864353065653736313364366163323235666134
3636326138626330623531653533313266663332656666390a343535623234386534353239393263
34386530333363636236616565393262313433356261666661303330323965386631316232353531
6464643361666635370a373664373930343363653736613631636636336538613964323938636135
66393138303765313261363532633863643233343165613061386162633934383663633039316335
39663865363138323633376435373339306230316339356534366364356365326261623833373862
32343036626438643466386433393662316265633431636633346461383433663636356633663166
39623933353765376365396365366564626261653534353039333531376530313765656265336234
31666232663666623733393464343332323863323632383331343730386630316336386138353566
33313064366535646661366233353965303134646339636366313731393933626364323539366433
38393162373139323831386533626230393639353934656361363131323138376133613163353439
32666337613262376466303362666431393638343565346366386631656161373430323863663031
37306435616234363062333262383930336664323139616363643235633936633066363061313233
34623730633962326465326132666135663430636237636639333131626534316461376166636232
66356162626263643562326133666330333339666138383632313966646431616531363331666165
33633361323936313061313936383833383235643239633963356562356538393139616137653037
66366264633766383232616432306335623835353739663736373139613264623666
