$ANSIBLE_VAULT;1.1;AES256
62326166653738643665373862386239613765383361323631636135646665323436623431316461
6563383038653465643030396230636438626633343763660a313562653636653138666437616166
32306437393438316665303363323462303762303635643230363335323230323138323564303662
6334613333366331640a333365353063366639313862663431383836353064383835306238366463
36663763383866656463653464366162313565626663393361333734613035633965386164376432
38383135653234363631303931626439643666346565316431613335343664343362326437333236
63393738316465333930373833636662623165316166363366373166313034383864613436613962
65323934343665393338343864373436393937363136326134356130643162666637613039343563
65356463323862376265353038326135653462346333613264633566346266386537343935306134
33353164376162363037333335313935306166376535313032323564383834623833656436383536
39633562363662336130343566393635373330313165383366653961623165663539363934613737
31646531353131323238613137316531313361383538323533393230613534396332616665353562
35646134373939626330336534396262396632333634646265396134653430363239366431636634
61633031363061663436636433646365346533343139323064353763653362386161363864623435
33623133363839303864363531393539656137656137623165306164393434356162353163626230
30383035643832356330323861343038366263333333386664386463303432636233366538366263
33303131383034333964653131646661623532343263313965666566663264653333636432386238
64306266666266666337633061323664353835326435326331323966306663366430636539326536
38376130366635626433333763663062356331613037643034613735373331623130313933313931
31363062343838383934363864653565323062643638383131366634343865336564393530323337
30316232666430623439626631316236306262366162396361373736396166623939333132333739
39316133333663323666636630383434393232313130373533373939383236333364663031613434
66343232353434626165363839653863363963353564383332663434313438396561313666643433
38346561316364353935626362646564333662643063353037646261316163643334613332353932
34663665333864316364393936373131656531626564326535303138633131646531336538626437
65303333323834356461326565636339643134323561306431313761303539613839363662333563
33393636366662396334326338343930643261353930376638333334323136633733386563306533
38323136623930363465633238343963626232376463336663303761663636333162396533626139
66633434333633326161303436303963653931616433663766323836656531643933333738646264
62316165663433326533373337613234373932643166653264656533653961313639313639396461
313161623039666639646234633763313363
