$ANSIBLE_VAULT;1.1;AES256
64383131376461363137633739303431353732356461336437323462316131303537373632323834
3437636164383036343339613030316135663537653163660a366138393037353465333139333730
32353861396464336436353738393464356337383833653033383563333961346264373033643831
3135343532383835330a303338326163343833383465663335333732363939323936653831376337
36346633353538653033353363363165393938626261366333643162363563636265663636373830
64623432353462643162343035363330643837316463326661333737316236323462393663346666
30363431643432326463346263313730623763633365663236386630376132306233623963343464
30643731363437643139616432616235663235376661616138616662396431386639346236336335
38313230616133383437303238346530643539336634626365316565323165393933666634363462
66353065633738386136623366396466313562653463396438393863653437326334663738373066
34353834626133643136653065646431626635663361303166393432623638383263323564373530
36633033613063373264666164383331323861653366313638646561613333323632353131636633
33653837653335653331356331666337616238336131616261303835623435653663323962363462
30633536616662643764353765393762356438663336323165343363313666336261636262396330
36386263363536353363663735336537346266663032343037396262653065356431336133626132
61396133623763656338376636306635643837313666346265623339613631376434613135643039
39643731353866333931383964643534633666333234613636336164303063303464633234396437
31343064366364623036653033366266643834613933646537333134373531343866633832633733
31613966393232643563623265303730636137646663626531633234626632393438393931316462
32663564666330383934313736346130316463643436643763633637363831636665653864313664
39343239633832646437366463343066653435306161633439363938653366396435346166316137
65306530373266393437323230333335303733316361373636313732653435323637366637333563
39313934386130393835666266393863323636396634303162356166656161626562336638666138
64343362616464306365363664636261353535663461333863356136643936656462353733383337
37663262636637393532653762303530353661613734323861333061323462636662323933346537
30376531383363303564383739303165306331613762393065376433613061333030653938646235
32363061336566386165633561376561316565303637646539656662666664656534316464633838
63343631346466636438613463363261366637366136653632366663313430643863626334333061
62613431613132306433653365373935653731353034343832663535386464653463656234623634
30633535306230343863663331316538653065653739643532383462376663643332636439653263
37326138663563333935353363623831613230393933383938656261363138376164316164376235
36656533313939333334326230326138663532383265373638353865326230313433666630303764
3835
